[params]
nds-host = fb
nds-port = 8088
duration = 320
Fs = 256
Nfft = 1024
exc-chan = C1:ALS-OFFSETTER2_EXC
out-chan = C1:ALS-OFFSETTER2_OUT_DQ
zeros = -4.8656987+88.33334107j, -4.8656987-88.33334107j
poles = -0.44233625+88.46614328j, -0.44233625-88.46614328j, -0.07131415+2.85167456j, -0.07131415-2.85167456j
gain = 1
noise-psd =
maxit = 30000
exc-amp = 500
out-dir = /users/larry/opttest
